0000000000
0000000039
0000000078
0000000117
0000000156
0000000195
0000000234
0000000273
0000000312
0000000351
0000000391
0000000431
0000000471
0000000511
0000000551
0000000591
0000000631
0000000671
0000000711
0000000751
0000000791
0000000831
0000000871
0000000911
0000000951
0000000991
0000001031
0000001071
0000001111
0000001151
0000001191
0000001231
0000001271
0000001311
0000001351
0000001391
0000001431
0000001471
0000001511
0000001551
0000001591
0000001631
0000001671
0000001711
0000001751
0000001791
0000001831
0000001871
0000001911
0000001951
0000001991
0000002031
0000002071
0000002111
0000002151
0000002191
0000002231
0000002271
0000002311
0000002351
0000002391
0000002431
0000002471
0000002511
0000002551
0000002591
0000002631
0000002671
0000002711
0000002751
0000002791
0000002831
0000002871
0000002911
0000002951
0000002991
0000003031
0000003071
0000003111
0000003151
0000003191
0000003231
0000003271
0000003311
0000003351
0000003391
0000003431
0000003471
0000003511
0000003551
0000003591
0000003631
0000003671
0000003711
0000003751
0000003791
0000003831
0000003871
0000003911
0000003951
