000000008092
000000008133
000000008174
000000008215
000000008256
000000008297
000000008338
000000008379
000000008420
000000008461
000000008502
000000008543
000000008584
000000008625
000000008666
000000008707
000000008748
000000008789
000000008830
000000008871
000000008912
000000008953
000000008994
000000009035
000000009076
000000009117
000000009158
000000009199
000000009240
000000009281
000000009322
000000009363
000000009404
000000009445
000000009486
000000009527
000000009568
000000009609
000000009650
000000009691
000000009732
000000009773
000000009814
000000009855
000000009896
000000009937
000000009978
000000010019
000000010060
000000010101
000000010142
000000010183
000000010224
000000010265
000000010306
000000010347
000000010388
000000010429
000000010470
000000010511
000000010552
000000010593
000000010634
000000010675
000000010716
000000010757
000000010798
000000010839
000000010880
000000010921
000000010962
000000011003
000000011044
000000011085
000000011126
000000011167
000000011208
000000011249
000000011290
000000011331
000000011372
000000011413
000000011454
000000011495
000000011536
000000011577
000000011618
000000011659
000000011700
000000011741
000000011782
000000011823
000000011864
000000011905
000000011946
000000011987
000000012028
000000012069
000000012110
000000012151
