000000000000
000000000039
000000000078
000000000117
000000000156
000000000195
000000000234
000000000273
000000000312
000000000351
000000000391
000000000431
000000000471
000000000511
000000000551
000000000591
000000000631
000000000671
000000000711
000000000751
000000000791
000000000831
000000000871
000000000911
000000000951
000000000991
000000001031
000000001071
000000001111
000000001151
000000001191
000000001231
000000001271
000000001311
000000001351
000000001391
000000001431
000000001471
000000001511
000000001551
000000001591
000000001631
000000001671
000000001711
000000001751
000000001791
000000001831
000000001871
000000001911
000000001951
000000001991
000000002031
000000002071
000000002111
000000002151
000000002191
000000002231
000000002271
000000002311
000000002351
000000002391
000000002431
000000002471
000000002511
000000002551
000000002591
000000002631
000000002671
000000002711
000000002751
000000002791
000000002831
000000002871
000000002911
000000002951
000000002991
000000003031
000000003071
000000003111
000000003151
000000003191
000000003231
000000003271
000000003311
000000003351
000000003391
000000003431
000000003471
000000003511
000000003551
000000003591
000000003631
000000003671
000000003711
000000003751
000000003791
000000003831
000000003871
000000003911
000000003951
